image: apt_map.pgm
resolution: 0.050000
origin: [-2.173597, -6.846697, 0.000000]
negate: 0
occupied_thresh: 0.65
free_thresh: 0.196

